,depot,INST0021_N3_N21_P000,INST0021_N3_N21_D000,INST0021_N3_N21_P001,INST0021_N3_N21_D001,INST0021_N3_N21_P002,INST0021_N3_N21_D002
depot,0.0,21.127,153.452,24.088,28.727,28.727,24.088
INST0021_N3_N21_P000,21.127,0.0,155.714,8.817,22.322,22.322,8.817
INST0021_N3_N21_D000,153.452,155.714,0.0,164.529,177.15,177.15,164.529
INST0021_N3_N21_P001,24.088,8.817,164.529,0.0,14.053,14.053,0.0
INST0021_N3_N21_D001,28.727,22.322,177.15,14.053,0.0,0.0,14.053
INST0021_N3_N21_P002,28.727,22.322,177.15,14.053,0.0,0.0,14.053
INST0021_N3_N21_D002,24.088,8.817,164.529,0.0,14.053,14.053,0.0
