,depot,INST0015_N3_N15_P000,INST0015_N3_N15_D000,INST0015_N3_N15_P001,INST0015_N3_N15_D001,INST0015_N3_N15_P002,INST0015_N3_N15_D002
depot,0.0,7.201,66.32,7.201,87.958,66.32,11.477
INST0015_N3_N15_P000,7.201,0.0,71.779,0.0,95.136,71.779,18.229
INST0015_N3_N15_D000,66.32,71.779,0.0,71.779,65.084,0.0,55.435
INST0015_N3_N15_P001,7.201,0.0,71.779,0.0,95.136,71.779,18.229
INST0015_N3_N15_D001,87.958,95.136,65.084,95.136,0.0,65.084,78.292
INST0015_N3_N15_P002,66.32,71.779,0.0,71.779,65.084,0.0,55.435
INST0015_N3_N15_D002,11.477,18.229,55.435,18.229,78.292,55.435,0.0
