,depot,INST0029_N3_S29_P000,INST0029_N3_S29_D000,INST0029_N3_S29_P001,INST0029_N3_S29_D001,INST0029_N3_S29_P002,INST0029_N3_S29_D002
depot,0.0,54.293,39.549,39.549,0.0,66.815,13.324
INST0029_N3_S29_P000,54.293,0.0,30.556,30.556,54.293,83.129,44.645
INST0029_N3_S29_D000,39.549,30.556,0.0,0.0,39.549,92.948,26.3
INST0029_N3_S29_P001,39.549,30.556,0.0,0.0,39.549,92.948,26.3
INST0029_N3_S29_D001,0.0,54.293,39.549,39.549,0.0,66.815,13.324
INST0029_N3_S29_P002,66.815,83.129,92.948,92.948,66.815,0.0,75.176
INST0029_N3_S29_D002,13.324,44.645,26.3,26.3,13.324,75.176,0.0
