,depot,INST0009_N3_N09_P000,INST0009_N3_N09_D000,INST0009_N3_N09_P001,INST0009_N3_N09_D001,INST0009_N3_N09_P002,INST0009_N3_N09_D002
depot,0.0,34.294,28.616,35.653,28.616,48.052,35.653
INST0009_N3_N09_P000,34.294,0.0,19.671,18.791,19.671,21.8,18.791
INST0009_N3_N09_D000,28.616,19.671,0.0,35.534,0.0,20.683,35.534
INST0009_N3_N09_P001,35.653,18.791,35.534,0.0,35.534,40.266,0.0
INST0009_N3_N09_D001,28.616,19.671,0.0,35.534,0.0,20.683,35.534
INST0009_N3_N09_P002,48.052,21.8,20.683,40.266,20.683,0.0,40.266
INST0009_N3_N09_D002,35.653,18.791,35.534,0.0,35.534,40.266,0.0
