,depot,INST0014_N3_S14_P000,INST0014_N3_S14_D000,INST0014_N3_S14_P001,INST0014_N3_S14_D001,INST0014_N3_S14_P002,INST0014_N3_S14_D002
depot,0.0,71.877,39.549,31.149,71.877,54.293,53.679
INST0014_N3_S14_P000,71.877,0.0,108.949,102.142,0.0,125.848,87.998
INST0014_N3_S14_D000,39.549,108.949,0.0,26.348,108.949,30.556,80.067
INST0014_N3_S14_P001,31.149,102.142,26.348,0.0,102.142,23.863,55.105
INST0014_N3_S14_D001,71.877,0.0,108.949,102.142,0.0,125.848,87.998
INST0014_N3_S14_P002,54.293,125.848,30.556,23.863,125.848,0.0,72.248
INST0014_N3_S14_D002,53.679,87.998,80.067,55.105,87.998,72.248,0.0
