,depot,INST0028_N3_W28_P000,INST0028_N3_W28_D000,INST0028_N3_W28_P001,INST0028_N3_W28_D001,INST0028_N3_W28_P002,INST0028_N3_W28_D002
depot,0.0,18.026,70.637,70.637,124.166,18.026,133.671
INST0028_N3_W28_P000,18.026,0.0,88.095,88.095,141.804,0.0,150.679
INST0028_N3_W28_D000,70.637,88.095,0.0,0.0,53.818,88.095,63.48
INST0028_N3_W28_P001,70.637,88.095,0.0,0.0,53.818,88.095,63.48
INST0028_N3_W28_D001,124.166,141.804,53.818,53.818,0.0,141.804,20.02
INST0028_N3_W28_P002,18.026,0.0,88.095,88.095,141.804,0.0,150.679
INST0028_N3_W28_D002,133.671,150.679,63.48,63.48,20.02,150.679,0.0
