,depot,INST0020_N3_S20_P000,INST0020_N3_S20_D000,INST0020_N3_S20_P001,INST0020_N3_S20_D001,INST0020_N3_S20_P002,INST0020_N3_S20_D002
depot,0.0,24.036,26.3,13.324,24.036,13.324,160.028
INST0020_N3_S20_P000,24.036,0.0,26.348,31.149,0.0,31.149,152.108
INST0020_N3_S20_D000,26.3,26.348,0.0,39.549,26.348,39.549,177.944
INST0020_N3_S20_P001,13.324,31.149,39.549,0.0,31.149,0.0,150.553
INST0020_N3_S20_D001,24.036,0.0,26.348,31.149,0.0,31.149,152.108
INST0020_N3_S20_P002,13.324,31.149,39.549,0.0,31.149,0.0,150.553
INST0020_N3_S20_D002,160.028,152.108,177.944,150.553,152.108,150.553,0.0
