,depot,INST0012_N3_N12_P000,INST0012_N3_N12_D000,INST0012_N3_N12_P001,INST0012_N3_N12_D001,INST0012_N3_N12_P002,INST0012_N3_N12_D002
depot,0.0,43.511,0.0,57.966,22.387,22.387,33.929
INST0012_N3_N12_P000,43.511,0.0,43.511,99.392,21.127,21.127,28.727
INST0012_N3_N12_D000,0.0,43.511,0.0,57.966,22.387,22.387,33.929
INST0012_N3_N12_P001,57.966,99.392,57.966,0.0,78.919,78.919,78.656
INST0012_N3_N12_D001,22.387,21.127,22.387,78.919,0.0,0.0,22.322
INST0012_N3_N12_P002,22.387,21.127,22.387,78.919,0.0,0.0,22.322
INST0012_N3_N12_D002,33.929,28.727,33.929,78.656,22.322,22.322,0.0
