,depot,INST0019_N3_W19_P000,INST0019_N3_W19_D000,INST0019_N3_W19_P001,INST0019_N3_W19_D001,INST0019_N3_W19_P002,INST0019_N3_W19_D002
depot,0.0,54.132,115.807,71.944,0.0,71.944,130.825
INST0019_N3_W19_P000,54.132,0.0,63.444,20.342,54.132,20.342,77.525
INST0019_N3_W19_D000,115.807,63.444,0.0,43.952,115.807,43.952,16.399
INST0019_N3_W19_P001,71.944,20.342,43.952,0.0,71.944,0.0,58.923
INST0019_N3_W19_D001,0.0,54.132,115.807,71.944,0.0,71.944,130.825
INST0019_N3_W19_P002,71.944,20.342,43.952,0.0,71.944,0.0,58.923
INST0019_N3_W19_D002,130.825,77.525,16.399,58.923,130.825,58.923,0.0
