,depot,INST0011_N3_S11_P000,INST0011_N3_S11_D000,INST0011_N3_S11_P001,INST0011_N3_S11_D001,INST0011_N3_S11_P002,INST0011_N3_S11_D002
depot,0.0,30.556,26.348,26.3,108.949,46.181,0.0
INST0011_N3_S11_P000,30.556,0.0,23.863,44.645,125.848,67.228,30.556
INST0011_N3_S11_D000,26.348,23.863,0.0,24.036,102.142,72.268,26.348
INST0011_N3_S11_P001,26.3,44.645,24.036,0.0,83.656,67.566,26.3
INST0011_N3_S11_D001,108.949,125.848,102.142,83.656,0.0,138.993,108.949
INST0011_N3_S11_P002,46.181,67.228,72.268,67.566,138.993,0.0,46.181
INST0011_N3_S11_D002,0.0,30.556,26.348,26.3,108.949,46.181,0.0
