,depot,INST0008_N3_S08_P000,INST0008_N3_S08_D000,INST0008_N3_S08_P001,INST0008_N3_S08_D001,INST0008_N3_S08_P002,INST0008_N3_S08_D002
depot,0.0,58.521,24.239,49.927,129.526,5.477,58.521
INST0008_N3_S08_P000,58.521,0.0,59.019,103.002,183.035,55.179,0.0
INST0008_N3_S08_D000,24.239,59.019,0.0,45.002,124.222,19.629,59.019
INST0008_N3_S08_P001,49.927,103.002,45.002,0.0,80.368,50.526,103.002
INST0008_N3_S08_D001,129.526,183.035,124.222,80.368,0.0,130.689,183.035
INST0008_N3_S08_P002,5.477,55.179,19.629,50.526,130.689,0.0,55.179
INST0008_N3_S08_D002,58.521,0.0,59.019,103.002,183.035,55.179,0.0
