,depot,INST0016_N3_W16_P000,INST0016_N3_W16_D000,INST0016_N3_W16_P001,INST0016_N3_W16_D001,INST0016_N3_W16_P002,INST0016_N3_W16_D002
depot,0.0,41.092,14.077,26.872,41.092,30.344,14.077
INST0016_N3_W16_P000,41.092,0.0,29.954,14.239,0.0,23.199,29.954
INST0016_N3_W16_D000,14.077,29.954,0.0,16.791,29.954,27.544,0.0
INST0016_N3_W16_P001,26.872,14.239,16.791,0.0,14.239,16.399,16.791
INST0016_N3_W16_D001,41.092,0.0,29.954,14.239,0.0,23.199,29.954
INST0016_N3_W16_P002,30.344,23.199,27.544,16.399,23.199,0.0,27.544
INST0016_N3_W16_D002,14.077,29.954,0.0,16.791,29.954,27.544,0.0
