,depot,INST0002_N3_S02_P000,INST0002_N3_S02_D000,INST0002_N3_S02_P001,INST0002_N3_S02_D001,INST0002_N3_S02_P002,INST0002_N3_S02_D002
depot,0.0,24.036,23.863,23.863,29.68,0.0,31.149
INST0002_N3_S02_P000,24.036,0.0,44.645,44.645,6.707,24.036,13.324
INST0002_N3_S02_D000,23.863,44.645,0.0,0.0,51.136,23.863,54.293
INST0002_N3_S02_P001,23.863,44.645,0.0,0.0,51.136,23.863,54.293
INST0002_N3_S02_D001,29.68,6.707,51.136,51.136,0.0,29.68,8.581
INST0002_N3_S02_P002,0.0,24.036,23.863,23.863,29.68,0.0,31.149
INST0002_N3_S02_D002,31.149,13.324,54.293,54.293,8.581,31.149,0.0
