,depot,INST0010_N3_W10_P000,INST0010_N3_W10_D000,INST0010_N3_W10_P001,INST0010_N3_W10_D001,INST0010_N3_W10_P002,INST0010_N3_W10_D002
depot,0.0,20.02,63.48,23.331,84.648,64.294,35.228
INST0010_N3_W10_P000,20.02,0.0,53.818,20.56,77.687,75.699,17.435
INST0010_N3_W10_D000,63.48,53.818,0.0,40.204,24.909,68.471,61.972
INST0010_N3_W10_P001,23.331,20.56,40.204,0.0,61.567,57.051,36.679
INST0010_N3_W10_D001,84.648,77.687,24.909,61.567,0.0,70.587,86.82
INST0010_N3_W10_P002,64.294,75.699,68.471,57.051,70.587,0.0,92.961
INST0010_N3_W10_D002,35.228,17.435,61.972,36.679,86.82,92.961,0.0
