,depot,INST0013_N3_W13_P000,INST0013_N3_W13_D000,INST0013_N3_W13_P001,INST0013_N3_W13_D001,INST0013_N3_W13_P002,INST0013_N3_W13_D002
depot,0.0,57.687,94.442,57.687,96.036,79.708,116.61
INST0013_N3_W13_P000,57.687,0.0,55.918,0.0,41.349,22.455,58.923
INST0013_N3_W13_D000,94.442,55.918,0.0,55.918,35.155,46.518,64.172
INST0013_N3_W13_P001,57.687,0.0,55.918,0.0,41.349,22.455,58.923
INST0013_N3_W13_D001,96.036,41.349,35.155,41.349,0.0,20.581,30.344
INST0013_N3_W13_P002,79.708,22.455,46.518,22.455,20.581,0.0,37.477
INST0013_N3_W13_D002,116.61,58.923,64.172,58.923,30.344,37.477,0.0
