,depot,INST0026_N3_S26_P000,INST0026_N3_S26_D000,INST0026_N3_S26_P001,INST0026_N3_S26_D001,INST0026_N3_S26_P002,INST0026_N3_S26_D002
depot,0.0,39.549,26.348,26.348,0.0,32.455,80.067
INST0026_N3_S26_P000,39.549,0.0,31.149,31.149,39.549,8.581,53.679
INST0026_N3_S26_D000,26.348,31.149,0.0,0.0,26.348,29.68,55.105
INST0026_N3_S26_P001,26.348,31.149,0.0,0.0,26.348,29.68,55.105
INST0026_N3_S26_D001,0.0,39.549,26.348,26.348,0.0,32.455,80.067
INST0026_N3_S26_P002,32.455,8.581,29.68,29.68,32.455,0.0,61.135
INST0026_N3_S26_D002,80.067,53.679,55.105,55.105,80.067,61.135,0.0
