,depot,INST0018_N3_N18_P000,INST0018_N3_N18_D000,INST0018_N3_N18_P001,INST0018_N3_N18_D001,INST0018_N3_N18_P002,INST0018_N3_N18_D002
depot,0.0,30.471,2.788,77.555,0.0,30.471,0.0
INST0018_N3_N18_P000,30.471,0.0,27.709,93.214,30.471,0.0,30.471
INST0018_N3_N18_D000,2.788,27.709,0.0,78.292,2.788,27.709,2.788
INST0018_N3_N18_P001,77.555,93.214,78.292,0.0,77.555,93.214,77.555
INST0018_N3_N18_D001,0.0,30.471,2.788,77.555,0.0,30.471,0.0
INST0018_N3_N18_P002,30.471,0.0,27.709,93.214,30.471,0.0,30.471
INST0018_N3_N18_D002,0.0,30.471,2.788,77.555,0.0,30.471,0.0
