,depot,INST0016_N3_W16_P000,INST0016_N3_W16_D000,INST0016_N3_W16_P001,INST0016_N3_W16_D001,INST0016_N3_W16_P002,INST0016_N3_W16_D002
depot,0.0,50.317,17.238,32.905,50.317,37.156,17.238
INST0016_N3_W16_P000,50.317,0.0,36.679,17.435,0.0,28.407,36.679
INST0016_N3_W16_D000,17.238,36.679,0.0,20.56,36.679,33.728,0.0
INST0016_N3_W16_P001,32.905,17.435,20.56,0.0,17.435,20.081,20.56
INST0016_N3_W16_D001,50.317,0.0,36.679,17.435,0.0,28.407,36.679
INST0016_N3_W16_P002,37.156,28.407,33.728,20.081,28.407,0.0,33.728
INST0016_N3_W16_D002,17.238,36.679,0.0,20.56,36.679,33.728,0.0
