,depot,INST0003_N3_N03_P000,INST0003_N3_N03_D000,INST0003_N3_N03_P001,INST0003_N3_N03_D001,INST0003_N3_N03_P002,INST0003_N3_N03_D002
depot,0.0,20.176,52.8,13.759,23.353,23.353,11.436
INST0003_N3_N03_P000,20.176,0.0,71.779,7.201,17.254,17.254,26.126
INST0003_N3_N03_D000,52.8,71.779,0.0,66.32,64.86,64.86,46.019
INST0003_N3_N03_P001,13.759,7.201,66.32,0.0,19.671,19.671,21.8
INST0003_N3_N03_D001,23.353,17.254,64.86,19.671,0.0,0.0,20.683
INST0003_N3_N03_P002,23.353,17.254,64.86,19.671,0.0,0.0,20.683
INST0003_N3_N03_D002,11.436,26.126,46.019,21.8,20.683,20.683,0.0
