,depot,INST0008_N3_S08_P000,INST0008_N3_S08_D000,INST0008_N3_S08_P001,INST0008_N3_S08_D001,INST0008_N3_S08_P002,INST0008_N3_S08_D002
depot,0.0,71.658,29.68,61.135,158.604,6.707,71.658
INST0008_N3_S08_P000,71.658,0.0,72.268,126.125,224.124,67.566,0.0
INST0008_N3_S08_D000,29.68,72.268,0.0,55.105,152.108,24.036,72.268
INST0008_N3_S08_P001,61.135,126.125,55.105,0.0,98.41,61.869,126.125
INST0008_N3_S08_D001,158.604,224.124,152.108,98.41,0.0,160.028,224.124
INST0008_N3_S08_P002,6.707,67.566,24.036,61.869,160.028,0.0,67.566
INST0008_N3_S08_D002,71.658,0.0,72.268,126.125,224.124,67.566,0.0
