,depot,INST0020_N3_S20_P000,INST0020_N3_S20_D000,INST0020_N3_S20_P001,INST0020_N3_S20_D001,INST0020_N3_S20_P002,INST0020_N3_S20_D002
depot,0.0,19.629,21.478,10.881,19.629,10.881,130.689
INST0020_N3_S20_P000,19.629,0.0,21.517,25.439,0.0,25.439,124.222
INST0020_N3_S20_D000,21.478,21.517,0.0,32.298,21.517,32.298,145.321
INST0020_N3_S20_P001,10.881,25.439,32.298,0.0,25.439,0.0,122.952
INST0020_N3_S20_D001,19.629,0.0,21.517,25.439,0.0,25.439,124.222
INST0020_N3_S20_P002,10.881,25.439,32.298,0.0,25.439,0.0,122.952
INST0020_N3_S20_D002,130.689,124.222,145.321,122.952,124.222,122.952,0.0
