,depot,INST0011_N3_S11_P000,INST0011_N3_S11_D000,INST0011_N3_S11_P001,INST0011_N3_S11_D001,INST0011_N3_S11_P002,INST0011_N3_S11_D002
depot,0.0,24.954,21.517,21.478,88.975,37.715,0.0
INST0011_N3_S11_P000,24.954,0.0,19.488,36.46,102.776,54.903,24.954
INST0011_N3_S11_D000,21.517,19.488,0.0,19.629,83.416,59.019,21.517
INST0011_N3_S11_P001,21.478,36.46,19.629,0.0,68.319,55.179,21.478
INST0011_N3_S11_D001,88.975,102.776,83.416,68.319,0.0,113.511,88.975
INST0011_N3_S11_P002,37.715,54.903,59.019,55.179,113.511,0.0,37.715
INST0011_N3_S11_D002,0.0,24.954,21.517,21.478,88.975,37.715,0.0
