,depot,INST0013_N3_W13_P000,INST0013_N3_W13_D000,INST0013_N3_W13_P001,INST0013_N3_W13_D001,INST0013_N3_W13_P002,INST0013_N3_W13_D002
depot,0.0,70.637,115.643,70.637,117.595,97.602,142.787
INST0013_N3_W13_P000,70.637,0.0,68.471,0.0,50.631,27.496,72.151
INST0013_N3_W13_D000,115.643,68.471,0.0,68.471,43.046,56.961,78.578
INST0013_N3_W13_P001,70.637,0.0,68.471,0.0,50.631,27.496,72.151
INST0013_N3_W13_D001,117.595,50.631,43.046,50.631,0.0,25.201,37.156
INST0013_N3_W13_P002,97.602,27.496,56.961,27.496,25.201,0.0,45.89
INST0013_N3_W13_D002,142.787,72.151,78.578,72.151,37.156,45.89,0.0
