,depot,INST0024_N3_N24_P000,INST0024_N3_N24_D000,INST0024_N3_N24_P001,INST0024_N3_N24_D001,INST0024_N3_N24_P002,INST0024_N3_N24_D002
depot,0.0,48.052,34.294,34.294,28.616,35.653,153.371
INST0024_N3_N24_P000,48.052,0.0,21.8,21.8,20.683,40.266,113.909
INST0024_N3_N24_D000,34.294,21.8,0.0,0.0,19.671,18.791,119.262
INST0024_N3_N24_P001,34.294,21.8,0.0,0.0,19.671,18.791,119.262
INST0024_N3_N24_D001,28.616,20.683,19.671,19.671,0.0,35.534,132.815
INST0024_N3_N24_P002,35.653,40.266,18.791,18.791,35.534,0.0,122.278
INST0024_N3_N24_D002,153.371,113.909,119.262,119.262,132.815,122.278,0.0
