,depot,INST0015_N3_N15_P000,INST0015_N3_N15_D000,INST0015_N3_N15_P001,INST0015_N3_N15_D001,INST0015_N3_N15_P002,INST0015_N3_N15_D002
depot,0.0,8.817,81.208,8.817,107.703,81.208,14.053
INST0015_N3_N15_P000,8.817,0.0,87.893,0.0,116.493,87.893,22.322
INST0015_N3_N15_D000,81.208,87.893,0.0,87.893,79.694,0.0,67.88
INST0015_N3_N15_P001,8.817,0.0,87.893,0.0,116.493,87.893,22.322
INST0015_N3_N15_D001,107.703,116.493,79.694,116.493,0.0,79.694,95.867
INST0015_N3_N15_P002,81.208,87.893,0.0,87.893,79.694,0.0,67.88
INST0015_N3_N15_D002,14.053,22.322,67.88,22.322,95.867,67.88,0.0
