,depot,INST0012_N3_N12_P000,INST0012_N3_N12_D000,INST0012_N3_N12_P001,INST0012_N3_N12_D001,INST0012_N3_N12_P002,INST0012_N3_N12_D002
depot,0.0,35.534,0.0,47.339,18.283,18.283,27.709
INST0012_N3_N12_P000,35.534,0.0,35.534,81.17,17.254,17.254,23.461
INST0012_N3_N12_D000,0.0,35.534,0.0,47.339,18.283,18.283,27.709
INST0012_N3_N12_P001,47.339,81.17,47.339,0.0,64.45,64.45,64.236
INST0012_N3_N12_D001,18.283,17.254,18.283,64.45,0.0,0.0,18.229
INST0012_N3_N12_P002,18.283,17.254,18.283,64.45,0.0,0.0,18.229
INST0012_N3_N12_D002,27.709,23.461,27.709,64.236,18.229,18.229,0.0
