,depot,INST0002_N3_S02_P000,INST0002_N3_S02_D000,INST0002_N3_S02_P001,INST0002_N3_S02_D001,INST0002_N3_S02_P002,INST0002_N3_S02_D002
depot,0.0,19.629,19.488,19.488,24.239,0.0,25.439
INST0002_N3_S02_P000,19.629,0.0,36.46,36.46,5.477,19.629,10.881
INST0002_N3_S02_D000,19.488,36.46,0.0,0.0,41.761,19.488,44.339
INST0002_N3_S02_P001,19.488,36.46,0.0,0.0,41.761,19.488,44.339
INST0002_N3_S02_D001,24.239,5.477,41.761,41.761,0.0,24.239,7.008
INST0002_N3_S02_P002,0.0,19.629,19.488,19.488,24.239,0.0,25.439
INST0002_N3_S02_D002,25.439,10.881,44.339,44.339,7.008,25.439,0.0
