,depot,INST0017_N3_S17_P000,INST0017_N3_S17_D000,INST0017_N3_S17_P001,INST0017_N3_S17_D001,INST0017_N3_S17_P002,INST0017_N3_S17_D002
depot,0.0,45.002,19.629,0.0,19.629,21.517,19.629
INST0017_N3_S17_P000,45.002,0.0,50.526,45.002,50.526,65.388,50.526
INST0017_N3_S17_D000,19.629,50.526,0.0,19.629,0.0,21.478,0.0
INST0017_N3_S17_P001,0.0,45.002,19.629,0.0,19.629,21.517,19.629
INST0017_N3_S17_D001,19.629,50.526,0.0,19.629,0.0,21.478,0.0
INST0017_N3_S17_P002,21.517,65.388,21.478,21.517,21.478,0.0,21.478
INST0017_N3_S17_D002,19.629,50.526,0.0,19.629,0.0,21.478,0.0
