,depot,INST0022_N3_W22_P000,INST0022_N3_W22_D000,INST0022_N3_W22_P001,INST0022_N3_W22_D001,INST0022_N3_W22_P002,INST0022_N3_W22_D002
depot,0.0,14.239,26.872,16.399,61.821,43.952,26.872
INST0022_N3_W22_P000,14.239,0.0,41.092,23.199,75.918,50.611,41.092
INST0022_N3_W22_D000,26.872,41.092,0.0,30.344,35.155,41.349,0.0
INST0022_N3_W22_P001,16.399,23.199,30.344,0.0,64.172,58.923,30.344
INST0022_N3_W22_D001,61.821,75.918,35.155,64.172,0.0,55.918,35.155
INST0022_N3_W22_P002,43.952,50.611,41.349,58.923,55.918,0.0,41.349
INST0022_N3_W22_D002,26.872,41.092,0.0,30.344,35.155,41.349,0.0
