,depot,INST0007_N3_W07_P000,INST0007_N3_W07_D000,INST0007_N3_W07_P001,INST0007_N3_W07_D001,INST0007_N3_W07_P002,INST0007_N3_W07_D002
depot,0.0,17.435,20.02,0.0,141.804,29.878,75.699
INST0007_N3_W07_P000,17.435,0.0,35.228,17.435,147.866,43.098,92.961
INST0007_N3_W07_D000,20.02,35.228,0.0,20.02,150.679,36.098,64.294
INST0007_N3_W07_P001,0.0,17.435,20.02,0.0,141.804,29.878,75.699
INST0007_N3_W07_D001,141.804,147.866,150.679,141.804,0.0,114.719,128.123
INST0007_N3_W07_P002,29.878,43.098,36.098,29.878,114.719,0.0,56.961
INST0007_N3_W07_D002,75.699,92.961,64.294,75.699,128.123,56.961,0.0
