,depot,INST0027_N3_N27_P000,INST0027_N3_N27_D000,INST0027_N3_N27_P001,INST0027_N3_N27_D001,INST0027_N3_N27_P002,INST0027_N3_N27_D002
depot,0.0,35.653,30.471,18.283,93.214,40.266,18.791
INST0027_N3_N27_P000,35.653,0.0,46.06,27.111,122.247,48.052,34.294
INST0027_N3_N27_D000,30.471,46.06,0.0,20.176,77.555,11.436,13.759
INST0027_N3_N27_P001,18.283,27.111,20.176,0.0,95.136,26.126,7.201
INST0027_N3_N27_D001,93.214,122.247,77.555,95.136,0.0,81.189,87.958
INST0027_N3_N27_P002,40.266,48.052,11.436,26.126,81.189,0.0,21.8
INST0027_N3_N27_D002,18.791,34.294,13.759,7.201,87.958,21.8,0.0
