,depot,INST0023_N3_S23_P000,INST0023_N3_S23_D000,INST0023_N3_S23_P001,INST0023_N3_S23_D001,INST0023_N3_S23_P002,INST0023_N3_S23_D002
depot,0.0,8.581,77.018,32.455,8.581,32.455,8.581
INST0023_N3_S23_P000,8.581,0.0,71.877,39.549,0.0,39.549,0.0
INST0023_N3_S23_D000,77.018,71.877,0.0,108.949,71.877,108.949,71.877
INST0023_N3_S23_P001,32.455,39.549,108.949,0.0,39.549,0.0,39.549
INST0023_N3_S23_D001,8.581,0.0,71.877,39.549,0.0,39.549,0.0
INST0023_N3_S23_P002,32.455,39.549,108.949,0.0,39.549,0.0,39.549
INST0023_N3_S23_D002,8.581,0.0,71.877,39.549,0.0,39.549,0.0
