,depot,INST0010_N3_W10_P000,INST0010_N3_W10_D000,INST0010_N3_W10_P001,INST0010_N3_W10_D001,INST0010_N3_W10_P002,INST0010_N3_W10_D002
depot,0.0,16.35,51.842,19.054,69.129,52.507,28.769
INST0010_N3_W10_P000,16.35,0.0,43.952,16.791,63.444,61.821,14.239
INST0010_N3_W10_D000,51.842,43.952,0.0,32.833,20.342,55.918,50.611
INST0010_N3_W10_P001,19.054,16.791,32.833,0.0,50.28,46.592,29.954
INST0010_N3_W10_D001,69.129,63.444,20.342,50.28,0.0,57.646,70.903
INST0010_N3_W10_P002,52.507,61.821,55.918,46.592,57.646,0.0,75.918
INST0010_N3_W10_D002,28.769,14.239,50.611,29.954,70.903,75.918,0.0
