,depot,INST0022_N3_W22_P000,INST0022_N3_W22_D000,INST0022_N3_W22_P001,INST0022_N3_W22_D001,INST0022_N3_W22_P002,INST0022_N3_W22_D002
depot,0.0,17.435,32.905,20.081,75.699,53.818,32.905
INST0022_N3_W22_P000,17.435,0.0,50.317,28.407,92.961,61.972,50.317
INST0022_N3_W22_D000,32.905,50.317,0.0,37.156,43.046,50.631,0.0
INST0022_N3_W22_P001,20.081,28.407,37.156,0.0,78.578,72.151,37.156
INST0022_N3_W22_D001,75.699,92.961,43.046,78.578,0.0,68.471,43.046
INST0022_N3_W22_P002,53.818,61.972,50.631,72.151,68.471,0.0,50.631
INST0022_N3_W22_D002,32.905,50.317,0.0,37.156,43.046,50.631,0.0
