,depot,INST0000_N3_N00_P000,INST0000_N3_N00_D000,INST0000_N3_N00_P001,INST0000_N3_N00_D001,INST0000_N3_N00_P002,INST0000_N3_N00_D002
depot,0.0,61.784,13.759,66.32,119.262,11.477,21.8
INST0000_N3_N00_P000,61.784,0.0,66.572,107.477,104.379,64.236,77.99
INST0000_N3_N00_D000,13.759,66.572,0.0,52.8,109.689,2.788,11.436
INST0000_N3_N00_P001,66.32,107.477,52.8,0.0,95.428,55.435,46.019
INST0000_N3_N00_D001,119.262,104.379,109.689,95.428,0.0,110.207,113.909
INST0000_N3_N00_P002,11.477,64.236,2.788,55.435,110.207,0.0,13.942
INST0000_N3_N00_D002,21.8,77.99,11.436,46.019,113.909,13.942,0.0
