,depot,INST0006_N3_N06_P000,INST0006_N3_N06_D000,INST0006_N3_N06_P001,INST0006_N3_N06_D001,INST0006_N3_N06_P002,INST0006_N3_N06_D002
depot,0.0,28.616,23.353,23.461,81.17,35.534,23.353
INST0006_N3_N06_P000,28.616,0.0,46.06,44.646,81.232,35.653,46.06
INST0006_N3_N06_D000,23.353,46.06,0.0,2.788,66.572,30.471,0.0
INST0006_N3_N06_P001,23.461,44.646,2.788,0.0,64.236,27.709,2.788
INST0006_N3_N06_D001,81.17,81.232,66.572,64.236,0.0,47.339,66.572
INST0006_N3_N06_P002,35.534,35.653,30.471,27.709,47.339,0.0,30.471
INST0006_N3_N06_D002,23.353,46.06,0.0,2.788,66.572,30.471,0.0
