,depot,INST0027_N3_N27_P000,INST0027_N3_N27_D000,INST0027_N3_N27_P001,INST0027_N3_N27_D001,INST0027_N3_N27_P002,INST0027_N3_N27_D002
depot,0.0,43.657,37.312,22.387,114.14,49.306,23.01
INST0027_N3_N27_P000,43.657,0.0,56.4,33.197,149.69,58.839,41.993
INST0027_N3_N27_D000,37.312,56.4,0.0,24.705,94.965,14.003,16.848
INST0027_N3_N27_P001,22.387,33.197,24.705,0.0,116.493,31.992,8.817
INST0027_N3_N27_D001,114.14,149.69,94.965,116.493,0.0,99.415,107.703
INST0027_N3_N27_P002,49.306,58.839,14.003,31.992,99.415,0.0,26.694
INST0027_N3_N27_D002,23.01,41.993,16.848,8.817,107.703,26.694,0.0
