,depot,INST0019_N3_W19_P000,INST0019_N3_W19_D000,INST0019_N3_W19_P001,INST0019_N3_W19_D001,INST0019_N3_W19_P002,INST0019_N3_W19_D002
depot,0.0,66.284,141.804,88.095,0.0,88.095,160.194
INST0019_N3_W19_P000,66.284,0.0,77.687,24.909,66.284,24.909,94.929
INST0019_N3_W19_D000,141.804,77.687,0.0,53.818,141.804,53.818,20.081
INST0019_N3_W19_P001,88.095,24.909,53.818,0.0,88.095,0.0,72.151
INST0019_N3_W19_D001,0.0,66.284,141.804,88.095,0.0,88.095,160.194
INST0019_N3_W19_P002,88.095,24.909,53.818,0.0,88.095,0.0,72.151
INST0019_N3_W19_D002,160.194,94.929,20.081,72.151,160.194,72.151,0.0
