,depot,INST0009_N3_N09_P000,INST0009_N3_N09_D000,INST0009_N3_N09_P001,INST0009_N3_N09_D001,INST0009_N3_N09_P002,INST0009_N3_N09_D002
depot,0.0,41.993,35.041,43.657,35.041,58.839,43.657
INST0009_N3_N09_P000,41.993,0.0,24.088,23.01,24.088,26.694,23.01
INST0009_N3_N09_D000,35.041,24.088,0.0,43.511,0.0,25.326,43.511
INST0009_N3_N09_P001,43.657,23.01,43.511,0.0,43.511,49.306,0.0
INST0009_N3_N09_D001,35.041,24.088,0.0,43.511,0.0,25.326,43.511
INST0009_N3_N09_P002,58.839,26.694,25.326,49.306,25.326,0.0,49.306
INST0009_N3_N09_D002,43.657,23.01,43.511,0.0,43.511,49.306,0.0
