,depot,INST0018_N3_N18_P000,INST0018_N3_N18_D000,INST0018_N3_N18_P001,INST0018_N3_N18_D001,INST0018_N3_N18_P002,INST0018_N3_N18_D002
depot,0.0,37.312,3.413,94.965,0.0,37.312,0.0
INST0018_N3_N18_P000,37.312,0.0,33.929,114.14,37.312,0.0,37.312
INST0018_N3_N18_D000,3.413,33.929,0.0,95.867,3.413,33.929,3.413
INST0018_N3_N18_P001,94.965,114.14,95.867,0.0,94.965,114.14,94.965
INST0018_N3_N18_D001,0.0,37.312,3.413,94.965,0.0,37.312,0.0
INST0018_N3_N18_P002,37.312,0.0,33.929,114.14,37.312,0.0,37.312
INST0018_N3_N18_D002,0.0,37.312,3.413,94.965,0.0,37.312,0.0
