,depot,INST0003_N3_N03_P000,INST0003_N3_N03_D000,INST0003_N3_N03_P001,INST0003_N3_N03_D001,INST0003_N3_N03_P002,INST0003_N3_N03_D002
depot,0.0,24.705,64.653,16.848,28.595,28.595,14.003
INST0003_N3_N03_P000,24.705,0.0,87.893,8.817,21.127,21.127,31.992
INST0003_N3_N03_D000,64.653,87.893,0.0,81.208,79.42,79.42,56.35
INST0003_N3_N03_P001,16.848,8.817,81.208,0.0,24.088,24.088,26.694
INST0003_N3_N03_D001,28.595,21.127,79.42,24.088,0.0,0.0,25.326
INST0003_N3_N03_P002,28.595,21.127,79.42,24.088,0.0,0.0,25.326
INST0003_N3_N03_D002,14.003,31.992,56.35,26.694,25.326,25.326,0.0
