,depot,INST0005_N3_S05_P000,INST0005_N3_S05_D000,INST0005_N3_S05_P001,INST0005_N3_S05_D001,INST0005_N3_S05_P002,INST0005_N3_S05_D002
depot,0.0,6.707,160.028,61.869,67.566,75.176,13.324
INST0005_N3_S05_P000,6.707,0.0,158.604,61.135,71.658,74.382,8.581
INST0005_N3_S05_D000,160.028,158.604,0.0,98.41,224.124,85.211,150.553
INST0005_N3_S05_P001,61.869,61.135,98.41,0.0,126.125,13.307,53.679
INST0005_N3_S05_D001,67.566,71.658,224.124,126.125,0.0,139.086,80.145
INST0005_N3_S05_P002,75.176,74.382,85.211,13.307,139.086,0.0,66.815
INST0005_N3_S05_D002,13.324,8.581,150.553,53.679,80.145,66.815,0.0
