,depot,INST0025_N3_W25_P000,INST0025_N3_W25_D000,INST0025_N3_W25_P001,INST0025_N3_W25_D001,INST0025_N3_W25_P002,INST0025_N3_W25_D002
depot,0.0,20.02,23.331,84.648,150.679,23.331,133.671
INST0025_N3_W25_P000,20.02,0.0,20.56,77.687,141.804,20.56,124.166
INST0025_N3_W25_D000,23.331,20.56,0.0,61.567,127.423,0.0,110.354
INST0025_N3_W25_P001,84.648,77.687,61.567,0.0,66.284,61.567,50.015
INST0025_N3_W25_D001,150.679,141.804,127.423,66.284,0.0,127.423,18.026
INST0025_N3_W25_P002,23.331,20.56,0.0,61.567,127.423,0.0,110.354
INST0025_N3_W25_D002,133.671,124.166,110.354,50.015,18.026,110.354,0.0
