,depot,INST0023_N3_S23_P000,INST0023_N3_S23_D000,INST0023_N3_S23_P001,INST0023_N3_S23_D001,INST0023_N3_S23_P002,INST0023_N3_S23_D002
depot,0.0,7.008,62.898,26.505,7.008,26.505,7.008
INST0023_N3_S23_P000,7.008,0.0,58.699,32.298,0.0,32.298,0.0
INST0023_N3_S23_D000,62.898,58.699,0.0,88.975,58.699,88.975,58.699
INST0023_N3_S23_P001,26.505,32.298,88.975,0.0,32.298,0.0,32.298
INST0023_N3_S23_D001,7.008,0.0,58.699,32.298,0.0,32.298,0.0
INST0023_N3_S23_P002,26.505,32.298,88.975,0.0,32.298,0.0,32.298
INST0023_N3_S23_D002,7.008,0.0,58.699,32.298,0.0,32.298,0.0
