,depot,INST0014_N3_S14_P000,INST0014_N3_S14_D000,INST0014_N3_S14_P001,INST0014_N3_S14_D001,INST0014_N3_S14_P002,INST0014_N3_S14_D002
depot,0.0,58.699,32.298,25.439,58.699,44.339,43.838
INST0014_N3_S14_P000,58.699,0.0,88.975,83.416,0.0,102.776,71.865
INST0014_N3_S14_D000,32.298,88.975,0.0,21.517,88.975,24.954,65.388
INST0014_N3_S14_P001,25.439,83.416,21.517,0.0,83.416,19.488,45.002
INST0014_N3_S14_D001,58.699,0.0,88.975,83.416,0.0,102.776,71.865
INST0014_N3_S14_P002,44.339,102.776,24.954,19.488,102.776,0.0,59.003
INST0014_N3_S14_D002,43.838,71.865,65.388,45.002,71.865,59.003,0.0
