,depot,INST0029_N3_S29_P000,INST0029_N3_S29_D000,INST0029_N3_S29_P001,INST0029_N3_S29_D001,INST0029_N3_S29_P002,INST0029_N3_S29_D002
depot,0.0,44.339,32.298,32.298,0.0,54.565,10.881
INST0029_N3_S29_P000,44.339,0.0,24.954,24.954,44.339,67.889,36.46
INST0029_N3_S29_D000,32.298,24.954,0.0,0.0,32.298,75.908,21.478
INST0029_N3_S29_P001,32.298,24.954,0.0,0.0,32.298,75.908,21.478
INST0029_N3_S29_D001,0.0,44.339,32.298,32.298,0.0,54.565,10.881
INST0029_N3_S29_P002,54.565,67.889,75.908,75.908,54.565,0.0,61.394
INST0029_N3_S29_D002,10.881,36.46,21.478,21.478,10.881,61.394,0.0
