,depot,INST0026_N3_S26_P000,INST0026_N3_S26_D000,INST0026_N3_S26_P001,INST0026_N3_S26_D001,INST0026_N3_S26_P002,INST0026_N3_S26_D002
depot,0.0,32.298,21.517,21.517,0.0,26.505,65.388
INST0026_N3_S26_P000,32.298,0.0,25.439,25.439,32.298,7.008,43.838
INST0026_N3_S26_D000,21.517,25.439,0.0,0.0,21.517,24.239,45.002
INST0026_N3_S26_P001,21.517,25.439,0.0,0.0,21.517,24.239,45.002
INST0026_N3_S26_D001,0.0,32.298,21.517,21.517,0.0,26.505,65.388
INST0026_N3_S26_P002,26.505,7.008,24.239,24.239,26.505,0.0,49.927
INST0026_N3_S26_D002,65.388,43.838,45.002,45.002,65.388,49.927,0.0
