,depot,INST0001_N3_W01_P000,INST0001_N3_W01_D000,INST0001_N3_W01_P001,INST0001_N3_W01_D001,INST0001_N3_W01_P002,INST0001_N3_W01_D002
depot,0.0,35.155,18.744,41.349,0.0,35.155,14.077
INST0001_N3_W01_P000,35.155,0.0,52.507,55.918,35.155,0.0,46.592
INST0001_N3_W01_D000,18.744,52.507,0.0,51.842,18.744,52.507,19.054
INST0001_N3_W01_P001,41.349,55.918,51.842,0.0,41.349,55.918,32.833
INST0001_N3_W01_D001,0.0,35.155,18.744,41.349,0.0,35.155,14.077
INST0001_N3_W01_P002,35.155,0.0,52.507,55.918,35.155,0.0,46.592
INST0001_N3_W01_D002,14.077,46.592,19.054,32.833,14.077,46.592,0.0
