,depot,INST0025_N3_W25_P000,INST0025_N3_W25_D000,INST0025_N3_W25_P001,INST0025_N3_W25_D001,INST0025_N3_W25_P002,INST0025_N3_W25_D002
depot,0.0,16.35,19.054,69.129,123.055,19.054,109.164
INST0025_N3_W25_P000,16.35,0.0,16.791,63.444,115.807,16.791,101.402
INST0025_N3_W25_D000,19.054,16.791,0.0,50.28,104.062,0.0,90.122
INST0025_N3_W25_P001,69.129,63.444,50.28,0.0,54.132,50.28,40.846
INST0025_N3_W25_D001,123.055,115.807,104.062,54.132,0.0,104.062,14.722
INST0025_N3_W25_P002,19.054,16.791,0.0,50.28,104.062,0.0,90.122
INST0025_N3_W25_D002,109.164,101.402,90.122,40.846,14.722,90.122,0.0
